-13688343
9113749
-12476196
4577642
-7291247
-400393
-3976359
-4350904
-861398
-6691704
-530826
-7521444
-1075225
-6532978
-1979162
-4585735
-3859062
-4651511
-2981776
-5173432
-580120
-8584695
3813778
-12354092
7585256
-15199789
10816978
-15844614
10922930
-21392576
-17312513
-54650390
-25668014
-69925128
-65182760
-63405317
74368593
299072199
-531048362
-89486095
270077465
-648924392
-322337945
144068731
-1085206
-106233351
-21907859
104555417
115722642
25455963
190743375
149334428
-99020205
-219605552
121775271
129120027
22729685
-111813520
-170712891
77593509
-268486
-41472519
-30413017
24189925
4671803
43844810
1898167
41868730
65935104
16625482
-20738349
50171017
-3972170
2268576
-8039014
25904445
-15479535
3600221
-24958862
29183157
12388770
9532319
-4437230
-1417263
15758553
-2980105
1056785
-20188386
12228195
-10706030
8395409
-9498953
23027993
-9336219
3666831
-37629003
5453160
-27752691
12003648
-9003851
34954958
4397860
42573804
7908040
6073820
6379432
13874735
57080
-12404924
3972154
4466014
16054744
16697310
20680582
15175413
26836970
17308354
13252649
9519175
19074545
11228710
8532964
-2047405
4432387
1635373
9410221
7270717
5387665
2011162
3843538
8026176
10862632
2711394
4162123
-2138608
6445509
7298983
2488954
4699192
-334901
9055154
-2519086
10558800
795541
6729054
-6261900
6321185
-4381479
3478865
-1121564
3946110
-1851185
1468193
-228315
4409792
-1176522
2696010
-1707003
3114802
-2206651
3408097
314615
2872028
-1255307
-1564172
-1615050
-4826073
843468
-5029421
1787600
-8251813
1902357
-5560556
5079056
-5868146
4476898
-4537550
6744888
-6691636
7149877
-4498611
5964600
-5723303
4258156
-5240701
3556352
-5593858
7718967
-9382194
5240045
-10128514
10011803
-10513798
7597617
-12555576
10991583
-15508959
9439723
-16586076
13236605
-17875687
11533419
-15057789
14070081
-15656243
14550981
-12686020
11711278
-12852063
9103944
-12406565
5096981
-12824487
8179681
-7563778
3858451
-8796245
3181316
-4916245
219089
-4015410
-4480033
155240
-4607988
6514777
-2796003
10500713
-3238471
11928553
-11552964
3093587
-12935090
12613522
-3840597
8031795
-12521287
2125295
-13527224
3101573
-6388419
5717332
-11591945
886615
-9496735
7141765
-7657171
4303225
-5299990
-176917
-5098274
3071266
5458261
-396583
-3430368
-1825425
4774478
-7679606
3095816
-11342558
3681733
-12075929
2079767
-8787074
639277
-5496581
-1877398
-5903816
289825
-7818625
1323712
-10980032
4703758
-12682679
5999886
-15248597
9486789
-15711458
10288515
-15654964
11852971
-16173353
12773275
-28894546
-28371965
-72859032
-21969691
-109856142
-47324703
-91134528
239289243
266054349
-894596805
304690427
4103656
-948498551
-1291696
178921087
-37894891
-185275550
47775400
264987057
10870665
104857757
299515660
4526157
-338947622
8452720
317010592
26445667
-42603738
-333941577
130065824
62474
-10615085
-80263237
81254909
28203506
84733205
-5374172
41319589
78792289
-24496697
-36578382
78917284
23049224
-17557815
-57054265
67897928
4846271
5740257
-61327788
47010425
-10367325
16359795
-15467681
12561870
-12532625
5948617
-8208480
7576184
5440014
12185553
6144228
10710370
336445
20728236
-17897021
-11669906
-34229049
8262183
-10518825
37551584
24276758
4675992
-18135016
-2603048
8277585
-7085939
-406915
3275004
12420868
18503428
32114701
33528942
32761479
29727614
18148817
4211564
7351282
10869118
18996005
-4145825
-8127795
-11419318
-5547883
-1976816
2455477
-538421
-1980388
-3800836
16313801
5388146
16965945
1362781
16604366
4014673
5744945
11139638
9742538
9441863
-769769
10605514
5917564
1339303
6990763
4521871
14163691
-5778523
17204351
-2076783
13386675
-9625104
13971351
-2674870
4737901
-5603125
4322856
-4287512
-300028
-7000334
3403613
-4822288
4073617
-7462470
3932012
-7357260
5659830
-4815668
3386032
-5191089
2782367
1171021
3419674
912093
1581136
1024279
-59466
-1183068
-1043665
1978258
-3704368
3009743
-4218505
4140344
-5046171
3660782
-2103227
1620470
-6670241
2691128
-3581338
2755662
-7972747
3884980
-7522135
2926130
-11222673
6813879
-10617570
6456095
-11925134
5556312
-8457991
2011291
-7436763
-704976
-5730971
-2845647
-711136
-1811757
-2001432
-2861627
2972595
365130
-4562618
-1664814
-2858029
3658801
-7739861
5453437
-3464743
5921068
-5209926
3889901
-1863354
1114237
-1819399
218449
-4099059
-1738038
-2687742
5034902
-2352201
3663332
-2033096
8063177
-6914294
-2156333
-4621607
3734180
3668526
-1597505
4476403
-12702378
-686397
-14545228
9811758
-14604293
3334570
-15726690
8333501
-12297716
4401483
-8485483
5553497
-12249041
7373320
-4317740
19009518
-14211077
13722701
-16090237
-3600456
-6955322
-3154338
-7554761
-2314292
-6214795
-3132830
-5291474
-3311630
-2242812
-4394737
-2437418
-7850384
1087385
-8275493
950704
-10818703
3776678
-11851858
6195424
-13528889
9784588
-16465011
14925607
-45141154
-34155322
-95277213
-22257817
-151222655
-5369695
-130180680
473790799
-32984690
-842797765
510699769
-688779222
-605904844
136637356
93260258
-92819368
-178148703
393357583
121097143
-77843503
346115158
73672744
-205346367
-99437218
251522988
-93350133
57607889
-149530783
37553831
45820288
-35461382
-71595736
138390355
31449267
58508803
5990068
42001276
-45213416
76171520
-18370775
59832821
-65164297
46311467
-6067882
19186821
-11945003
29890296
-1593186
-9654155
1877644
-209339
21347802
-10565116
8425840
4205117
8364777
-9790170
5813932
-1228299
-6160513
413920
21562891
709475
-6507789
-2689096
470539
-6158697
4132398
9982775
27156462
12589700
-9726758
-2168170
2823905
-2733675
-18732836
4622856
6723736
18732665
14511796
14584395
21314636
24208702
16577499
998727
11810300
2081893
14021703
5988553
14927908
-2929649
12829232
2780174
11030709
-5113279
8199940
-850695
9477619
-1231400
2261945
-5296785
8599737
2932966
4415354
-6982220
7709870
2471274
11595512
-1666258
9316180
-4541269
18173318
-3150239
21999074
-7413435
17655288
-3972019
15222403
-5788641
11147595
-2640738
11914574
-5175827
8920667
-7754337
14490786
-7183749
12012810
-13060510
9467041
-8216625
9102718
-3895161
1428355
-4504210
-346641
-956540
-5799792
1173070
-1897433
3744594
-2903425
3330065
-2011464
998965
-962192
3601268
-3434649
-999917
-2232928
3259791
-2339088
523592
-142835
758145
1332928
-2119259
4020326
-4542545
1059122
-7241886
2720423
-7527959
632554
-7965044
1675405
-5826009
-989232
-9212813
-3506908
-8602114
-3969234
-6069120
-3918245
-6603004
-3066079
-978051
-1217672
-5085743
-5988441
-1991215
-4663672
1006381
-6497991
4620328
-12552166
6873530
-9769662
11439659
-12281268
11402794
-7521082
8365946
-9898559
5265187
-5884452
3509131
-7997445
3277831
-7193211
5813596
-7199495
11765218
-7603384
14289047
-7552680
18231600
-13187401
6089898
-18107653
11837060
-10694100
9172669
-16399937
3043932
-21892339
3754822
-13943546
8645313
-19500337
10435171
-16729457
13011510
-19311921
13006600
-12623351
8651757
-11087108
9415045
-983424
2837241
-2930652
4278094
-10504447
2977939
-9911142
2447008
-8884512
-1279888
-6465049
-3941592
-3670103
-6148280
-392671
-8771284
1443009
-10375172
4063542
-12611595
7577142
-15310174
11719579
-20166698
18489700
-42284343
-28540930
-107366316
-35027289
-145546612
-13480730
-147547569
345104536
270553676
-806479082
283230423
-822198613
-419108166
94366589
-98653160
-75271301
-26412822
571561216
-111092955
34622239
221035559
33127667
-83078861
52815700
3297965
-20959497
-73702582
-21955379
96431361
-40984053
-78442251
97369312
137550282
90369772
18808734
-37642155
5160821
86034513
1193640
-60258463
37953907
10466277
-6060238
-1567701
25062799
5281512
-9480626
-776903
22270566
-512042
10805714
14119318
17922961
16078477
18867355
-22401692
20393782
-3619323
22531598
-14363681
3241628
-31623143
-7662528
-17306619
13069236
5556834
17809158
11808884
16747899
9260311
25572764
2666497
6791848
3646808
5317015
-18908701
-2191897
-13610382
785231
-14337736
12910397
1458539
21132730
5594422
27305334
12900048
26604495
5818730
18602419
3963153
5190364
470079
8970787
-11371171
6641773
-6365577
13243911
2320530
17679406
-7823998
7117444
8592135
19854029
-2090473
5384726
5010336
11588599
8244290
4599903
760664
7486753
4465579
6465258
3263497
1953045
1525746
2165239
9166158
-3973870
2994813
-7440243
7143936
-3081922
8477128
-3582810
5098186
1054605
3938656
5139105
-1897810
5998682
-3561541
7196734
-3709616
5002266
-2781654
1580761
-772754
377326
1541500
-4624502
3579799
-2004073
4764252
-870193
1638993
199354
2638387
1688076
4038375
752873
2252297
-2583039
4277258
-4038918
4000665
-6575710
5871469
-8667303
5621954
-8766100
6441176
-9546612
5553688
-7304963
3606648
-7739818
-1561741
-8237654
-4136359
-4735929
-8762226
-2666663
-9027434
-1671299
-7584214
1078219
-10142489
118284
-8776665
4968953
-7609946
2159213
-6877841
3250690
-6633081
3760365
-5290458
2654744
-7457562
4887743
-5241623
3728820
-6405116
4395043
-5993590
4747839
-4190825
4978613
-5287491
3391788
-5586634
4015973
-5548076
4562704
-8565478
7625167
-5157449
7987572
-4142010
4356129
-7904928
-3041453
-6402951
-2728784
-2147949
-335639
-3312182
-5522310
-10566535
-144224
-3334658
6079771
-6371237
1613181
-7959652
2912986
-1905877
5827484
-4297384
61321
-4092585
6204922
-2371571
2661786
784505
1266820
722925
-2798882
951579
-4514140
765493
-7760044
-699091
-6784760
-3219760
-3327684
-6334396
1515080
-9166572
6642524
-14154599
12186302
-19959806
21319553
-45799728
-30308585
-121310889
-35787893
-154551036
9260664
-185412584
424187808
248671379
-759076631
181901403
-1135115827
12025871
-30975825
-219100363
-79479089
473275603
228103279
-128862468
35670208
80621818
34737286
127939712
-14802022
-65299291
-2715476
-72120122
136150682
-34631494
-57742371
16302310
139235111
53791036
30475484
19764032
27924476
67531995
35069378
634531
-15455340
-3287424
3848148
9521346
37362758
-22053207
-3213040
-12771339
59370026
-31696826
21916702
-5268005
32798193
-3150339
37056276
2967834
23469342
1362712
-5282254
-8918429
-12217371
10572076
926551
14451917
-3838105
7121579
-6857907
23919151
5861338
11214225
-10862943
12201573
5635925
27709103
-8509030
14450893
-9153506
21437502
-10577175
25111925
-16309048
1180695
-27829683
6685209
-4587703
2710818
-8578845
7570291
14071302
14101083
15762006
10352642
13263389
12878293
1280672
9941367
-5250668
11479306
-6796042
19978094
6827829
9727651
-18265238
15747319
-2402747
7577613
-5807639
14114513
3115728
7756603
10175371
7777072
16567851
18149666
13012805
-5880377
6799312
17186954
10328146
4048190
-14508107
4162910
-7731243
14937912
-10049552
6537074
-14206947
7764718
-3392117
5577125
-2352241
-838339
-3022152
-2167631
3215624
-2461209
3107846
1163634
3072190
679817
1403315
6260008
-725377
154585
-3938780
4183523
-2529349
1150971
-3106511
3745247
3497032
1147459
4091676
395883
5896022
-1763913
5316551
-2938143
6108896
-3190791
4428072
-1965542
768904
-661169
775122
-1423953
-3965939
-2450415
-6494057
-6486675
-4583280
-9743970
-1948216
-10427532
1234316
-12186974
-128803
-6420196
1408138
-4326453
71142
-4205898
-551954
-5923906
3195051
-9733188
6183722
-12126445
9176812
-14380114
9918715
-12306090
9817475
-9993739
9062695
-3280459
4012384
-1372851
792111
2170289
-826668
-249185
-387432
-2007216
1003079
-5584331
1224840
-10860324
-75925
-8427285
1702584
-8263544
4693633
-5892218
8272402
-9496971
4801045
-12085810
8942604
-5740909
6835214
-9905775
-1356533
-12756994
2330419
-6696407
4611638
-11838000
5367546
-11445970
8641679
-8817292
11240434
-5401703
6569047
-4167002
-10098737
8698160
-3624365
2779292
-2048132
-1373989
-3649549
526276
-7144187
909020
-12586190
7560161
-15207714
12027229
-19888385
15983925
-20722143
18236685
-21732986
19862019
-30342565
-38360641
-105940055
-64026127
-99756646
-60100772
-84602760
141629531
698988835
-908937905
-85196805
-763139666
-349528782
284325906
-490965050
206412629
525734535
-100870232
-86957794
-104892466
211714853
178066413
70113776
-190631146
72696050
-17239898
54229153
39079932
-22959720
-63327064
117573956
84927990
105480059
-124647943
74034745
-7992841
104601519
-19132203
48611350
-39568121
72859239
-19723171
47009074
-3824378
16592576
-27244160
39739343
5104286
4227005
-6801028
19052854
-19196644
32194689
-13340273
13724281
-16285364
47396433
21311316
36085095
-18730205
16846860
10656836
17924904
-9380689
-15960075
5148688
14712402
7551629
-9135412
13712075
-934327
2102373
6069760
11118947
6384095
1041957
7868488
13145982
12693606
3396923
226896
5086580
3181604
3061737
-7499621
2085587
-2063974
-46943
-7008412
-2412492
274368
2748476
4338612
3250291
4329321
8963225
12181599
18461950
9596123
9135560
4686636
10607913
6195888
10385860
7500292
6784332
3492703
3933260
8990260
13346113
2372517
-6915932
-3581331
-543731
1581563
4126986
11133289
6188033
14664672
5806456
11323011
11297531
25103443
6677940
4765412
-6801303
12696036
2610625
8381629
-10750571
3357835
-7407131
5011439
-9511669
6699899
-6517583
4735469
-2304494
4544887
-1591806
-828938
3199865
-4774524
1072580
-6020204
3212975
-3191226
1495219
-2431046
4740583
2125367
4602500
2669872
3512006
5276190
3102628
4098039
2936746
1426386
4096049
-1042964
4823027
-2087257
3751456
-3484382
-806019
-4232585
-1420477
-5178648
-4888919
-6513227
-4914059
-5692633
-6486032
-3775743
-4655591
-1120468
-1446159
-280100
1045211
655295
2557740
-614910
-325193
-5353772
2658695
-4845194
3018710
-10541812
3553518
-7435873
4246577
-9434973
5394497
-5333684
8507912
-10932871
11212892
-9637765
13351607
-11946310
11301413
-12049736
13141284
-9525682
8727557
-15039501
4672795
-8153917
4934203
-12385789
94255
-7173670
3087766
-4344599
2054220
-1039300
2522565
-1007857
46254
-2202813
-1612382
973907
-495313
-1329362
-7687081
-1626893
-4560329
6533716
-7600898
9393311
-9569460
12808366
-14184659
19762083
-15239827
-14763371
8885541
-13356450
10387387
-12319164
6882451
-11312020
5732323
-11555527
3221608
-12148207
4729307
-10866754
4164463
-11698551
4665824
-12360330
8691441
-12755674
10506496
-24705895
-44468534
-104726571
-65111006
-83835909
-60704819
-72889617
116725990
787212988
-991250210
-224429228
-720083126
-149268243
149384078
-408218281
527888834
174382052
-202991136
-213873513
-18399659
401911260
185871152
-228622314
-40186991
87329575
92273246
-3724344
-10008251
-46784955
60050168
119212400
107049018
843868
-91047222
62486991
25415619
72628654
-30977779
3527529
-30621445
69163652
5020690
30022736
29681146
547599
5306354
13925849
19086438
-98922
-2993320
21551578
13507165
21547453
-9644708
13926757
-981960
-361005
-5468321
11868824
12129579
11533894
14687792
5190301
24127488
3615825
12724276
1886473
12535016
-4574683
5120275
-4908305
2924277
1655265
2965909
4609815
4652343
2933203
9201648
-3183234
11078312
-4317203
18590002
-10829404
18853058
-7899767
12171454
-8260384
5915495
-4532822
2072498
7319472
-2018187
6164563
-2595402
10359755
-3964348
7089311
-3092290
2496994
-1680045
8208109
5668196
9765286
6769586
7268095
4584310
13748639
4835390
13973858
68400
16609273
-5956028
4445514
-2275509
8623409
2970491
1293295
3641407
2980299
15753713
1380791
3327198
-4354130
8053353
704225
9504779
3165757
2854398
1578041
9830641
2180092
2168796
-265776
7083574
-414530
4452069
2268348
8158333
-23366
5003133
-3018346
8108054
-5892986
5084988
-4814285
5150844
-4545436
4469436
-2603773
690682
-926975
1974813
248428
43585
-2829721
503561
-1708341
1747301
-4010035
1866864
-2429119
3794419
-1835351
4294063
-2365649
1956384
115544
4411490
-8306780
-111630
-9731218
4635943
-16773412
3964312
-16119268
11225921
-15641918
10640882
-12554197
10246058
-5529661
9046458
-450261
3224633
-891709
979140
-898411
-1988814
-3484371
-265861
-2595442
-2288412
-3516201
322737
-16049
-1461947
-3204452
-2503413
-3657554
-2827506
-1938616
-4010560
-1970366
377091
2644238
-2815170
-6094298
-807581
-2875729
-407216
-10860075
130076
-11294454
4846556
-15213794
9458179
-11945628
15809059
-10913799
17868066
-13447726
13196861
-13902771
14829419
-10532351
8314972
-9379739
4361210
-8226704
1979423
-6252745
5766895
-9111001
4595327
-7695465
8559243
-17356172
9247776
-14897610
9001551
-11446022
3563041
-7993662
28138
-4322855
-5287837
-1873557
-5976378
310710
-8508035
1706764
-10161308
5900536
-15601718
17019795
-29138387
32847201
-77659467
-13863222
-166062217
39779715
-198762561
121803671
-295001798
820488308
-266286468
-630752403
-491396079
-505970917
351876960
-372178683
336752033
149831723
-162191419
-309326919
-68351371
392233529
314565468
-203150963
-125706941
74178674
141240447
25708081
-40504177
-24458220
42395290
54835553
171726362
59703049
-114236048
-64947208
96151686
103585886
38342871
-76795688
-23538285
38666583
52884789
-28635704
-17770666
10328128
74851132
41606118
-6863312
7535581
31756786
9212963
-2513334
9563115
-5818998
-3029802
-19777172
23571252
-15513631
4476063
-1959661
28939223
13889615
21722940
5056843
17145645
19367320
5837508
6806071
957329
7320314
-2013671
2537183
-2063504
7931961
-2316320
3211027
-2806448
7446048
-5399299
4891768
-4484877
7176963
-2963792
7824444
-2117085
10354752
-3069497
11085997
1348805
10247742
2567802
8524107
5766995
3268932
199604
4157122
9791585
3248428
1156522
-171600
3172714
-1306055
302008
3789494
643008
3173995
-572454
8575812
-743456
9343492
1394498
10990152
-1524225
7332289
-945344
9744494
-2995860
7607148
-2610746
10060638
-2715022
11043186
2728308
11402048
4968002
6428498
8803776
-28931
6031903
-5145568
10250356
-9621244
4867969
-6816375
7536819
-6787709
5573906
-464022
8055405
-296855
4545811
-2017558
7744115
566972
2852628
-3654690
7444475
1585735
7852500
-778612
7068866
-882493
11946187
-641472
3756891
-4666946
6458219
-5754426
4307553
-6857550
5816286
-9215936
4455749
-6710480
3608626
-9462177
1258439
-5369402
1576029
-7967186
-4254328
-13122888
-7520737
-14137449
1417114
-8756639
4014105
-8740842
14112853
-558006
13066280
-7251191
12040432
-1878278
12742316
-3599850
3943433
-6323422
-1245784
-1755570
-541027
-5333158
-4017373
-4401838
2912691
-7275711
1116529
-7847355
4365860
-9142757
724293
-6121222
-1898453
-4111798
-1148672
-3448414
-7956710
-5957259
-2217720
-2345181
-6276550
-7929673
-572386
-4863561
-208589
-9348829
5319259
-9695867
6462722
-8192740
11305665
-10860647
8302606
-8452654
8399668
-10417426
4649034
-3289464
4662355
-4491822
-595594
-1384796
835937
-1753961
3276389
3449197
-528930
-5468288
-1576903
-5734706
-888726
-3800648
-4598133
-3447804
-6841627
1621219
-11387168
4850839
-15866047
11103396
-20951018
15965272
-26120768
22521555
-33379445
32356642
-44147280
46828452
-82888437
7473662
-164564468
47097087
-192348275
118711090
-291748460
650371674
-115420292
-534575536
-494310588
-423953209
236982204
-212941114
203398115
-1380760
-152433996
-297776937
5299688
429473285
202835685
-229336533
24328711
48314397
109211017
-72085227
25782278
-17235729
80523303
837301
154690491
14953455
-21956351
-57670617
62770912
50432021
54734259
-43745030
23190078
39834070
15509580
-23343180
-12033766
16831247
30581366
37704664
-21365123
1948746
7282786
27028928
8800343
6506567
-2158148
12638861
-10510131
10659740
1862415
7762622
727826
10981413
5833078
17101115
-2881900
15435527
3531819
16488579
-9347831
13845235
-3870131
14616984
-3156988
10075810
-2852217
4762786
-5652021
1249910
-2248554
5427271
-5977326
8848869
-8603379
11110323
-10547095
15132303
-7915614
16621042
-7309864
16831858
552198
12345330
-112945
8680511
4673243
79919
5720754
3128407
5787910
193315
3083977
1170179
1090012
4654377
-1908766
3304923
74229
4113904
257667
1399040
895910
2250848
5781207
1321792
3141151
-5272452
9395641
-6127608
10632218
-8479532
11670654
-6794174
12609143
-5107328
8174417
-4682365
10793613
-219264
6571887
-1875803
9712923
2379741
7163670
-2576652
5831752
441324
2843266
-945981
-4468880
3646408
-3854646
7077830
-6058898
4575979
-1712705
9255843
1061473
2079050
1548886
4800294
2852302
610746
1346082
4655870
1394799
3645468
1274624
8538946
2019739
4506202
-2077807
2077403
1867034
-3214930
-1826649
-4991267
1262321
-7226559
-4659592
-5116864
-6129846
-5790901
-13941675
-3308979
-13583264
4673834
-11094216
4375739
-11525858
12298910
-2338829
11954163
-5509250
12069159
-4258517
5552824
-4741193
4750347
-3519287
-3386534
-3291452
-954026
-770469
-3208949
2910030
-2894296
929041
-6964931
2934967
-7855224
1903820
-10009359
3066557
-12843613
1799141
-11261905
4612714
-13264440
1099482
-10293986
4418498
-11486426
831886
-10190897
4555872
-13191794
4294685
-10548043
5391359
-11595541
4896051
-7873467
962677
-9255931
4437231
-3546032
2673348
-9822162
2130573
-8355869
3334519
-5051985
7782451
-5415839
6280332
-1500250
4827533
-9429903
3424487
-7753297
1141662
-5893487
-1639153
-5047937
-3831729
-2964594
-5113182
-1938392
-5623325
-749538
-6480463
183009
-7199296
2491504
-10008702
6649995
-15364090
14343500
-23663319
24314696
-52740698
-10627160
-116269851
7280792
-134715817
48511903
-191544079
454718829
-71999227
-388497925
-424363100
-317439030
54370165
-130578427
92299772
-92615406
-92858400
-211634621
65739602
356864034
120355342
-162231253
7922055
95520179
65557567
-45348996
-43070091
39847481
45487071
39910826
79164949
16062967
-12454045
34518373
77216127
24920709
-16979175
-31280180
28244578
32126579
-9983153
-9492837
7307986
23484094
17707785
16425429
-1894202
14382716
850053
13396710
1085897
7289670
6054138
16555347
1652534
22545959
-2772791
5163804
-1363315
13097854
-9990334
5238162
-4702959
12997160
2576865
7227646
2211460
339924
3721283
2395178
4059916
-3356274
10212287
-862017
7166323
-3169822
12128736
-2746893
13635360
-1862079
13515704
-3408588
10105274
-3134942
11104601
-1623413
10192670
-1183697
8827884
-2455730
9568109
-2936331
9092838
-5906372
12859558
-3216584
14455469
-2914774
11400608
56797
8798285
31417
4649434
894135
2690970
-1007291
1983005
-615453
-460282
3597841
2558673
3973719
-4006135
5130214
-1428733
9140207
-5531906
11257531
-7453579
14268088
-8220226
10850916
-8950779
14020981
-7736333
9517501
-10040884
7360751
-5511022
12313697
-8556240
9747744
-6622401
17149010
-7370297
14512403
-8718201
16557028
-7437219
13384525
-10620187
11374260
-4483165
10638101
-6214097
6697932
-3118149
11443684
-3611786
8884999
-5877399
13444255
-6020740
12381848
-7350994
13757533
-6545901
13672073
-7455080
11235383
-6917719
12452338
-5775150
6837253
-12602962
4514976
-9028830
2725801
-15016456
1586188
-11145982
5138927
-11809230
6079355
-8793236
6998299
-8325768
6588312
-3637454
4245899
-1522802
4156048
82914
1616623
1140551
286358
-2129758
-1092819
-1572711
3034861
-5401238
2080805
-7345128
6170133
-7432890
1441516
-6576817
-966724
-1621852
-4235096
932405
-11260794
6521855
-12943148
10032989
-17614460
11070835
-13707900
14242799
-19214559
10347689
-12708783
11857679
-12954322
2996270
-10627919
2535443
-10088060
1574679
-11215642
4083473
-11155335
11259319
-11154609
6743026
-14289759
8387814
-7615212
6790681
-3482650
7204353
736363
-6033661
-126278
-8031677
2748647
-10774469
5209326
-12821814
7401741
-14836772
8276338
-15418983
7832850
-14101204
6308592
-12160679
3368635
-10678002
3945135
-10879448
4950529
-12412848
7221849
-13998838
9435557
-15011210
11209463
-20463115
-14586380
-65604556
-41863281
-65318642
-46854219
-62947100
32333959
319208981
-296657487
-227854973
-400047292
-105060247
-168727494
-20143413
2552909
-17120540
-158892777
-94459324
239109989
234950599
-49609727
-68391949
30534094
71066423
-7546413
-45830499
49507522
50304189
1337859
45493673
60630082
-14803087
29389949
12654605
53289387
2330489
-6100995
-33078444
40103575
215932
8778506
9010365
21901939
16709711
10651900
9083497
-9467899
5524754
11588761
2069239
-2717377
17580893
24560970
2456119
-7905862
3885338
14364292
605381
-6377225
-198872
2059921
3189331
-5241693
1005012
-9190641
7780751
-6476388
9845789
-5532194
13026140
-2101316
13807345
1494531
15612494
-2584375
12659736
1032160
17320010
-4875616
14924049
-4972873
14718584
-9068294
13378483
-7533265
12780463
-6886609
13111259
-5989553
12014616
-3403603
12765836
-3974475
8825584
-1649444
9707085
2271957
4934606
1608747
4837260
4342350
3364218
279768
3407713
-1578667
2705734
-672626
3382930
2071526
3619998
5085309
-3740615
4359476
-6483963
9209775
-8292619
12081289
-8848957
12551640
-10609845
13376216
-10515189
12933773
-13408532
14478012
-8630152
14113062
-10370520
10035081
-10415547
9354084
-6679461
10044091
-4001108
5315531
-1839221
8474123
2380012
4318204
664685
6924020
4115254
3226123
2561595
-730356
5804227
-2543324
7833771
-6876723
11167534
-5912209
15645382
-8878695
14703911
-9928856
16795563
-8784258
16075192
-7627694
12825224
-10279568
8728736
-6751252
7331458
-9928852
3307648
-5852428
544724
-3859136
-3957984
-1880171
-6494346
5240762
-7263528
5955113
-10503929
9817760
-6582098
7489662
-7371760
5252444
-4107846
4179054
-5948115
1975091
-3341204
1342839
-3495097
1086055
-3347853
-428596
-5155622
2002196
-7723462
-500538
-7750631
-209270
-5131249
-1085711
-2999546
-1160854
-1648383
-1131206
-2651786
-1380663
-4246874
2272186
-4361534
1311457
-4951662
2929854
-2222571
-1645613
-5909772
-4674961
-4851505
-5080155
-3449938
-2392880
-4005634
-3891091
-3036411
2271740
-414512
144398
924001
1055411
5456991
-1632215
3309481
-6005033
2948196
-6286802
49311
-4263245
-1821651
-2147494
-4515592
-2208994
-4149819
-2988151
-3527114
-4917863
-778589
-6283432
692844
-7996147
760853
-6921592
1888622
-7504547
1252408
-7998255
3132544
-8570724
4601243
-11008363
8042078
-19393247
-12805885
-60224469
-34549561
-70966710
-29081745
-76000963
94750054
155138742
-151258556
-240962257
-313767753
-178242006
-175163657
-3033050
74654880
-33047264
-164666841
-43926355
234888201
160645510
-37067403
-111171233
26400920
52229115
47953292
8176362
1274749
33072
34474724
43793802
19263907
15539938
3435545
7673485
28984753
20605732
-9221080
-22436325
30872515
24585653
21156672
-2799670
21869287
-18657470
-1799119
1874758
6092655
-8063577
8857004
17353636
18409368
-2534932
10884662
-5949175
3960599
-4249425
6133833
-22533892
4290146
-7478636
10940515
-11488832
9028677
-6486874
16285604
-1318035
12231216
194369
10067251
-3348741
7173415
2986764
8292367
1930511
9150750
4547015
10638633
1613518
9921727
-1092462
7046650
-6058710
7639839
-2467805
11324061
-412214
8126310
2051720
7958732
4909631
3821096
5876323
1453516
7836147
-2858614
7947031
-3388873
9536169
-7071572
8818573
-4447608
9158741
-4226144
7622156
-5042334
9184052
-6305395
8322108
-7637083
12552935
-9041321
13458674
-9135988
14535762
-10908459
10571652
-9540269
10004281
-5360455
6174195
-2548825
3445885
2149870
2133138
4709778
575851
5147944
-788043
6092707
-4727681
7913564
-6018357
9241117
-10010363
8715503
-7608137
13062200
-9102293
11498598
-7005456
11648594
-6094953
10721648
-1722734
7165751
-388995
7819910
2496510
6207760
2296860
6212005
4334696
6489082
1645455
5997527
1424519
7526301
1527793
2695068
-939620
2483699
-81317
1113101
-3517704
-1939819
-1460346
865799
-5029247
-789017
-2774496
2323619
-780343
1954084
-2071065
3033178
-81960
1047783
963002
-4081824
4058195
-7638254
6398108
-13704604
7668634
-14478670
9644639
-15875791
6579548
-13416698
6910094
-12951179
7422219
-10758563
7990764
-11361188
10649132
-10984872
11147679
-11821327
11765658
-11375279
7512144
-9581743
3863238
-6133377
-823322
-3906778
-3045152
-2052177
-4829467
-1014721
-5778288
-763494
-7873757
223790
-5414952
2785074
-9062586
2085553
-9623491
5995111
-4819363
8583459
-2442629
5737527
-3343339
-11999764
5719709
-13933358
8676729
-17800150
11973200
-18766453
13426182
-19370513
11196757
-17873854
10224842
-14643598
5913398
-12936162
2563804
-8145621
-970139
-5370214
-4382934
-2281773
-6359517
753792
-9965012
4395978
-13214588
8009218
-15681615
10354148
-17225340
11283186
-16749372
6963701
-28651785
-26458606
-49873909
-42791828
-46539894
-46017293
22559534
113793430
-19899892
-213707932
-237265636
-200448583
-166821259
-53559182
72873192
-18956069
-132069089
-72362047
160340654
132556857
-6283304
-113006612
39747191
69418941
50499767
-24677575
1259666
2753695
36826905
10412755
21575146
7352412
21514859
2947232
31404856
9051252
1874805
-6652288
6304999
14061263
3415157
-7015817
-12481347
-1967277
-1510103
-680892
-5321190
11275368
13919009
7430000
-3532434
-8111311
1054722
9693633
-12403312
3204194
-3436945
17768525
-13535685
14809126
-7509707
21265441
-7996265
17638120
-7910566
18636190
-10830188
11523459
-14080821
16476524
-10556403
16862399
-8294676
19307203
-8026201
16575158
-6413113
15527078
-7693750
14109072
-7429230
11171506
-5016472
11710992
-4510817
11238473
1574258
8419412
5918023
7370996
7709315
2443740
8835958
1734393
3442667
995764
790928
1684671
-2646635
-382004
-2920391
1331610
-2392621
2023923
-3050562
2926726
153574
4873742
-2216960
3966290
74550
6622306
245274
3953301
-2405916
5488282
2478151
6056931
-722699
2006542
2134310
5108690
-357790
1678331
-2365423
7276156
-3203376
7402696
-9100959
9285275
-9004141
8458503
-9420510
5684672
-9825561
6194716
-8301778
6659304
-4596620
9498604
-1692408
11888178
-79729
12065818
-1071030
10566897
-208796
10827163
700020
9805088
1909707
10039197
2343849
6304720
-462029
4655017
-100850
5386240
-5592742
3009826
-9530934
3651060
-9816145
2883636
-8956711
5713379
-2061474
4613541
-605363
4941921
2439273
899955
-288806
-726859
-1558991
-1223191
-6745638
-229212
-10564112
985152
-10670953
1975795
-11077497
3647311
-8141627
3950714
-9632211
2478017
-6812985
2338665
-6079482
909508
-4252096
4009806
-6424192
5003858
-5653951
5502479
-6282805
3902487
-7289205
2737547
-4253136
1146395
-4260157
-2584056
-2280354
59597
-2023362
-3322383
-3641620
-2168060
-3399001
-4773781
-1987485
-7131602
-819852
-8922368
3494071
-7774763
5244512
-4765376
6990269
-2657773
-1701420
-2305194
-2096190
-3110824
-1809354
-2906319
-2647153
-2491357
-3389984
-2709791
-3652230
-2754875
-5037932
-661417
-6898202
1009350
-7684259
208478
-7180997
-357312
-5186962
-2396841
-3943001
-3418693
-3502187
-1866147
-5906309
994120
-9222531
4789926
-12010460
7064832
-12614501
6510473
-9726393
-5984834
-31057047
-32221521
-34678555
-46996462
-29289203
-26280373
117548823
-47860997
-87847593
-181712302
-163725608
-166602636
-90212465
-4173744
-2904151
-58651058
-85158019
79503467
98676025
8751992
-45751939
-10248869
63405168
18273331
8855792
-6022887
18265599
-5632175
41730887
-3312708
19184849
17296100
19244846
-1449279
11873785
-2327786
-12387809
-19054302
-9580996
4265971
-6205819
-18164870
-13262102
-2183315
7683046
-613374
-2778116
-1583123
12787370
12780746
4416808
1093018
6609902
14876154
4986570
6417368
-7278356
5395835
5195742
13349966
-3155522
-1846793
3758329
3949368
2405072
-6934429
9578546
-1006243
14188605
-2321730
9793299
2229527
8195563
2962464
-1016189
9123876
-4107873
9298337
-4371243
12002547
-4803715
9643354
2343510
10769288
6303667
8117015
10953546
5898477
9893654
3647523
7562588
115535
3992471
-777385
-322467
-1689713
-1921460
-2188746
-1269342
-3664694
4081121
-6559221
8957861
-8840609
13381017
-7013671
14188473
-4722228
12463849
-1766930
8862870
-1892265
5997290
-1197082
5455250
-450278
8181550
-1806129
10817434
-4470189
12220134
-10164544
11896827
-10216121
11730913
-9468015
9144224
-8240927
7326945
-6700492
3725876
-6186194
560619
-1341074
2202758
2605606
3129377
5460390
5649289
6260406
10721380
4414152
9343188
4739759
10549277
7358694
6286920
5520327
3919538
7933851
5330488
6754251
1451568
297635
1120035
-2961755
90455
-6555720
-1617337
-6324715
-3022476
-1435486
-325148
121013
-17516
3451658
2988823
4710471
2369453
1289050
-1148673
952193
-1864091
-2092026
-7397593
-4402722
-4077922
-5977635
-3014461
-7263168
1053258
-7555404
1161098
-8665184
3252700
-5389710
1875597
-3124890
-930192
314735
-1656407
1405921
-3381249
1485234
-3812239
893429
-658216
-2982317
1118824
-2294235
989507
-487911
-947338
1583688
-4265755
4957035
-5779392
1969345
-7373321
944699
-3466206
1070415
-2022130
-951031
-1783660
-4565155
-366848
-3127171
897883
-7103920
-1217953
-2797040
-5040072
2369326
-9650135
5638394
-13244786
8599746
-14969070
9312261
-14980477
7974201
-14276400
7086987
-12821732
6000826
-12723668
5895790
-12423327
5580661
-11691264
5029437
-10450252
3659767
-9914428
3260231
-7797908
-558936
-3664333
-4931484
1330994
-9341578
7480500
-14701394
2777670
-7928044
1074659
-7015595
-2935346
-17649797
-26739593
-23753346
-37926389
-24245687
-38686967
61664679
6526955
-74533242
-118196869
-105005815
-130687096
-123593807
-46858809
-8794858
-39032106
-66293154
7378720
70556837
19801431
-49609143
-6725243
32741387
41145019
295461
-6860608
13898065
13783410
4184522
9565048
7484412
2826234
1075035
6183509
-9715406
-30201257
-37381528
-10778723
-5331607
-14336100
-12831968
3750005
9179993
-1759407
1378986
15825931
6033684
12821263
5446989
22363417
-4360402
15454891
-5950372
17422670
-10421435
11693360
-14120682
9531577
-10346102
11314008
-5028227
10296610
-5692989
9579530
-13927
13349619
1606843
10879411
1368298
10744052
1836614
6246246
1491026
1820631
4222523
-2128542
8179539
-3314897
12670793
-3747895
17640871
-7378558
20073920
-7159166
22925068
-10558132
21741344
-11177561
19990895
-11980266
15318160
-14184226
16237784
-14666084
15604103
-16510582
18838251
-19330984
19658806
-19321834
20552397
-19012927
21526441
-16445935
18828189
-12695877
16728169
-11535467
14281218
-9179769
13409522
-7162041
11097385
-4593661
8334508
-725012
5957910
1060923
3695942
1569097
3281343
1354714
2237317
-794364
239023
1568186
-768102
982567
-1688373
5294409
-1378556
6450816
-1840205
8170986
1730984
6730720
4726992
3877832
8805255
3568933
12108989
1548217
10095383
3583599
10744902
696501
6410807
4831998
5387253
1246239
2613415
-1019540
469911
-4056220
1165979
-8264944
823576
-8515671
4943960
-9835116
6270041
-8751813
8697634
-10327311
9171868
-10431779
11116863
-9098584
10214081
-8030877
8553973
-8393495
6540730
-8942895
5226122
-10895615
5216801
-12243224
4864960
-15132827
8214169
-13303211
6604409
-11685382
5912607
-7988308
4683442
-5289539
4596758
-5653127
4299152
-7435288
5185650
-9930472
10316214
-10791778
13857893
-15323180
14631820
-13586699
14823276
-12630429
11850704
-9508375
10037247
-5319230
10410106
-6281392
7592188
-8841491
6934380
-10386201
7532481
-14907699
6617619
-14866308
-1690478
-1719779
-2388106
-3764230
-771217
-3474545
2342
-4402349
-810097
-4596146
-77335
-4083654
-2011187
-3840816
-2270728
-2133209
-3784159
-2737209
-3272197
-2631580
-2157226
-3868741
-1570419
-4431121
-869069
-4937348
-804519
-4756102
-574365
-4275959
-1183498
-98082
-6776341
-4784181
317003
-6907715
1941085
-3817395
649087
-8564211
1640433
-7091709
-849693
-15253452
-15275729
-27945536
-19973017
-26791498
-22483354
30730496
13510521
-65798365
-85049413
-116828339
-47830345
-114519937
-56060250
-7339785
-15209421
-79302934
-18840833
30743947
15779641
-41266362
-28712643
30067009
28465002
-3554167
-2637050
12650947
5694180
-8526349
-10105493
-19925649
-15809613
-25560126
-29781422
-6663484
2404462
4096296
-11157207
12217900
12347228
18755687
-1153899
6804767
10195119
4314146
-4778524
6457453
9060289
5377133
-2119334
2394660
2904066
2329289
3271318
3665297
6800888
382846
5522952
-1789735
7137771
530941
8615372
-277974
11110066
3785043
13620109
4288463
15864090
1863368
12649362
-3308846
12407333
-6383414
10482904
-8023793
9253102
-1398611
8228709
1216461
6541970
4509312
6481831
6364052
4905922
5216808
5612551
2234704
5126491
816136
5517488
-240131
6404004
-275345
6615361
-2896570
4332534
-2740391
4331619
-4216458
3632070
-3596990
6550139
-4318508
7785625
-5394797
7810815
-3915207
7725398
-2700322
6878097
-1334364
6089822
265467
8658285
39139
9796259
922854
9243184
-859967
7466885
914549
6133480
-2376109
8098347
-2043511
8137249
-973577
9328424
296237
8076912
2871615
6482064
2744450
5101954
5877293
5079560
4345468
6324126
4466427
7786937
3179346
7232147
2897964
8428638
2090525
3278444
1226524
1053567
2323941
-2464710
-794721
-3219890
-1409282
-3238237
-1512470
-2928523
-1273254
-3035530
1481239
-4680683
673237
-3920126
4436646
-1416235
2690480
-1513113
1790142
205003
623627
1440009
-1989858
1252853
-224024
169873
493707
-3309852
4128204
-6308691
5273492
-11189430
7464450
-13238780
8985783
-13917070
9884198
-11824979
8610207
-8372191
8793805
-5695052
6688780
-4938568
8025819
-6730983
8778896
-10567547
9793627
-9866566
13882046
-8050299
16264139
-7409377
13848791
-9254166
12856839
-9068820
9880191
-10792002
6047370
-12276715
4935778
-9772313
1280628
858103
-5171244
1087472
-5346745
-1204435
-3245215
-2021512
-1480662
-5017065
185138
-7139576
2342001
-8551652
2516755
-8652259
2401379
-8133254
1379716
-8547956
2957633
-9604406
4562710
-11612470
5535370
-11984813
6060802
-11027504
4120149
-8365432
4041010
-5028696
-10979169
5402051
-11974900
5535166
-6389128
2873674
-9308347
829977
-7875889
1149115
-5890208
4897796
-14032505
4880910
-13705451
-1910036
-23612534
-9178029
-28277365
-14732921
-20111612
21910953
-11771343
-28977366
-61827257
-72426340
-86945280
-67271027
-70961881
-18466227
-17397824
-35359256
-44717624
-9372317
-29139256
-12770078
-30862227
-5598436
-33619323
6552983
-55222157
-27061828
-48600783
25745755
7914639
24543007
-9264360
25183327
1027377
19304019
3200954
10151905
-8569221
12909727
-522698
11554690
-10093700
8927846
-13785518
9356277
-10570437
9912379
-5963430
12920262
2281247
8746756
724416
6597545
8247791
5076007
9179731
68633
12633110
2911768
13240476
-7225313
11278185
-3786959
16241814
-4444603
13917276
-767910
13591439
2028649
10587844
2357652
7328504
1931634
4188674
565205
4586918
-977306
6884967
-3451831
10186331
-3208402
11965661
-1798786
11522511
-816054
9445080
-397145
7605549
-548312
6397250
-2348489
6229606
-6955269
8106896
-8633216
9301901
-10279066
10300385
-7787964
10185943
-6844308
10633262
-5130706
9235236
-6858777
12719791
-5781357
13766847
-4574645
14448765
-5363306
13118634
-3396452
13369410
-3013612
12313478
-192996
12741098
661196
11756852
751537
9889451
-3802748
11267080
-6560083
12081556
-7016510
15409493
-6398505
13969338
-6792107
15908098
-5516374
15677353
-5469100
12359129
-3596387
11689940
-3795263
8440524
-4777729
7415579
-4390761
5055869
-2919198
3340254
-2132291
1659232
-2459241
-1164151
-2408905
-1237769
-1785167
-4445337
-1955351
-4618756
880622
-4174461
3103208
-5992312
3854061
-4501496
5420987
-3176683
4722253
-3060594
4508623
763849
3887192
-216118
1805058
-159308
2439730
-2347052
554049
-4363640
1038294
-4674828
-764326
-4220354
-1401812
-1728847
-2915377
-1310001
-3076747
335178
-253399
174897
1117934
-1915798
329381
-1617461
5856924
559752
5795510
1769319
4733585
1453929
5352934
2294041
3598107
-527749
376042
-3509055
-2017280
-2022149
-2842314
-4122917
-3487243
-2649915
-1942669
-4959034
1033422
-8076870
1580154
-8089433
2160332
-5864924
-1523814
-3470016
-3792597
-693456
-6694988
520585
-7796998
885433
-7084710
145539
-7358855
670688
-7470552
1659587
-8198989
2131071
-7777551
1057771
-4076548
-3960657
5006046
-11807081
-2683839
-1432129
-7133624
1665493
-492842
-6138373
2942365
-10294055
1165315
-9050873
5775181
-7767899
-853622
-9126837
5903001
-13855060
6695163
-15244858
3317528
-19952681
-2727644
-22666337
-9513160
-21568567
5810981
-15649307
-23373519
-41870998
-48000429
-67091648
-73373052
-84552445
-45497752
-9320851
-42115552
-40492337
-53004552
-92254074
-104681320
-63457726
-15420130
-15793147
11133834
6163494
41591296
7037819
39705823
23367472
27662085
-13828499
8604424
11778437
15803319
-23705996
-7276186
-6449209
11438171
-5768999
5905392
-4635957
14816739
-4500566
7723549
-4346674
18981938
-7679122
14635859
-443133
18237000
-243584
9935758
948192
9491814
1496762
5325705
4001069
2137439
6715662
413767
6941054
360000
9541764
-1479963
11900631
-1671717
13221028
-3670420
14849400
-6688067
15821236
-8883440
13247291
-9152344
16207574
-9715367
12496612
-7749011
14287638
-6435721
12607442
-4189350
7680351
-3737638
7742082
-3324416
6824319
-3986803
7475920
-5416466
11835485
-2710371
8959226
-4478700
9625713
-3482435
5925883
-2653147
4853472
-2145282
4002897
512276
3985071
6714520
5314276
8645275
3124881
10588697
2830974
11614689
831541
9742936
-1659992
9102564
-1040464
10373243
-3253076
12005472
-5194092
13659619
-7710460
15647975
-6865547
17157258
-6679969
13222857
-7532791
11025582
-4648823
7786599
-5398140
5232583
-4068876
4649563
-2440786
5464756
445406
2647708
1331745
1045374
3478522
-2013027
5047137
-6101742
6550098
-8723080
8144174
-11375816
7861245
-11864154
6851789
-13544683
7652539
-11641306
8253071
-11407081
9435866
-9586371
8750853
-7232341
8991686
-6785739
7471966
-5799548
6725206
-5593661
4397632
-5691359
2694045
-3058723
1399261
-1834851
696827
-1638102
-3212443
-4875069
-1740545
-2281100
-4516970
-260161
-3142061
-135837
-4610263
1997824
-2122651
3221458
-10735
5950273
3451496
5346775
6310345
2146984
5333470
1101518
5925412
878377
2057210
-2816137
-311948
-2870030
-3194148
-2925129
-3768142
-1032603
-4009131
-305316
-3182970
-2383158
-3153246
-3788581
-1132501
-5450862
202337
-6279838
-154265
-4774971
-1924727
-3208338
-3115746
-3239742
-2902562
-4447192
-1520831
-4462234
-1673989
-4974297
-1101256
-4909598
-1168845
-5113953
-719502
-3980465
-2886325
-1087952
-5421558
7278564
-16821537
3548312
-6308710
-5172427
4218551
-4958387
-4646546
4711955
-10118550
-1130849
-5932326
729803
-2787777
-3950390
-5393872
-298245
-6500999
222516
-5806828
-197176
-7860721
-2600563
-10857121
-11465621
-20078378
-24042604
-25435216
-20388500
-20327284
-20639710
-8390991
-63618415
-70681020
-75423282
-99052033
-129254069
-75662604
-51730028
-56716994
-51812718
-13927626
-28793591
-7744096
23547076
33785515
-4014967
8132609
6526298
29987503
14147284
22109784
-3858447
1985189
-16370665
7085535
2655518
4535870
-15156730
2586846
12503413
16812210
1770134
2670560
9493532
7405719
13071801
8760331
7114117
8772693
5431200
4186861
309244
6000075
-1369328
8671873
-1223239
9946031
1626032
7393291
4223586
4143465
6406701
350359
6865883
-119920
5454616
-598545
3856243
1604090
3037188
5347130
175165
7868798
134877
6695194
-1213129
5950612
1107197
1910245
5763835
3955102
6534885
6245561
5405003
9724013
2598911
8913662
-4746370
6517409
-3971458
5162487
-3555625
4409215
-1375544
4528925
847200
7190231
5253287
8655449
6379626
11031110
7726742
7446349
7164072
7452757
2864572
5304081
4262095
6817416
2166439
5802650
2716343
5009937
5670654
5282518
1813734
-531271
3481492
679488
1307579
-2380392
271630
-422371
251875
370697
2432713
2200427
5050189
647301
6124027
1022989
5946209
1222573
5199906
159851
3947513
1253340
4117228
4321811
2049801
4447710
-844296
5374496
-2552623
6191718
-5793228
6768288
-9701059
6884873
-13367577
6468436
-15259490
4007426
-14044802
4578143
-10298582
4236083
-5691528
5128417
-244906
3404910
-6833821
9055826
-5963569
9699127
-7100000
10380129
-10099926
6275537
-6832484
3175700
-6347101
1458066
-6916614
-2813610
-3021739
-93586
-348514
-2041302
-2598991
-1708847
-1153943
1948263
4545784
6861850
5457926
6887971
6235620
5149092
3084399
2189171
1208822
3688717
-1613833
1345708
-4955618
3772732
-8251797
3778223
-8148094
8084359
-9041137
10378850
-12320562
11127037
-14519243
11361325
-5456264
1471957
-6616735
2201634
-6844080
2499768
-5249397
-1620183
-2069089
-6688340
5746369
-14182407
10268047
-18458788
13639794
-19428719
14347564
-19399714
13268308
-18192248
12250919
-16800756
10683891
-15893914
10037325
-15057498
10312797
-15359601
15757453
-22500524
10829614
-14260511
3752055
-7228864
8177699
-17305384
16180859
-15556623
4103217
-11883988
6094623
-10527432
4687551
-9245119
-1352011
-4334983
-1248544
-9055869
-2835880
-22842682
-8030059
-31690384
-16537808
-33254586
17575126
-693632
-58343671
-53283860
-23141830
-117493715
-107537231
-69863758
-49725967
-60269117
-53540035
-42031286
-12369325
-14258042
6356420
5314069
-16581665
-63214584
-1250423
9136545
10432301
-9170574
-8054961
-16685942
10830897
11778451
10242974
9042035
6121173
12718833
7613507
6895365
9116703
16212012
-2239010
-4632882
23678843
24911098
10463643
384872
11679952
13799980
5003835
-7144798
3352959
7619303
6736076
-1805763
-1613982
4871167
5087976
4204880
3920032
872169
2116482
1631639
3464169
1427628
5821217
3435897
-685923
3323895
-2236891
6508897
-6655497
12215146
-5193707
13148800
-3882536
17516177
404968
17651210
-589166
12824195
5705349
14344063
-3730924
4160876
-2516289
7366307
-5810900
5822392
-2760612
8039946
7480168
13697523
8963798
13060781
11469031
10548547
3366431
9949370
3291171
10943385
-3622952
11533662
-7149605
11160859
-3796444
11713199
-7621209
8676862
-5954883
8728346
-5533033
7212923
-3956951
5749618
-3212416
3875314
1277350
4986892
3283043
1320327
4338096
618795
6812739
269219
7269630
-2547294
6243001
-351083
8716665
-541823
9434036
-2875847
12167428
-6318570
16635723
-9743963
17120615
-13434351
17602155
-13287961
16495728
-13092733
12259832
-12462686
12112466
-12443725
3748878
-8283002
4005461
-6161062
2900550
-3203256
-1854973
-3686740
-1927444
-3401221
-1651176
-3276312
-3669805
-7773525
736057
-709373
1785999
-2565750
-209795
1274742
772988
3414951
1020485
2500199
-3033183
-321487
-1137666
1040676
-2429812
-130666
-1869968
105705
-1464728
2299741
-2643574
2173095
1632343
9216735
5417542
7776572
1168722
2349842
-1844907
3231384
1858516
4712008
-872153
-523636
-1213362
-1062578
-1253555
615252
260338
1321515
-2232637
2610266
-5059386
4547053
-8731776
3417332
-9773156
2966185
-4117192
2095753
-7603877
5847479
-8294453
4169134
-8367247
515574
-4857390
-2328187
-2781902
-6193793
-531289
-6384118
-857844
-4453839
-3184550
-1606125
-6620431
1561573
-8187285
2164417
-8286660
891284
-6010668
-1386164
-4067559
-1867880
-2747652
1982515
-10126346
-330112
-3619625
-6827318
2678870
-3292039
-5362696
2563581
-3785259
-1803751
-9898413
6057815
-13535032
3784517
-16099211
-12585174
-23085392
-18943171
-36090701
-20921863
1895320
34243634
-72431138
-52635433
-28059059
-96815701
-151040644
-51666653
-60907374
-33808642
-55048735
-908215
-23388508
33278903
8347807
43018027
-36962423
-40263452
-65659920
11494344
-21238189
-20000234
-45796474
-813539
-9172089
8398364
5521204
1843481
-8329469
-6614219
802100
16042791
-1626237
1531392
4883290
20443027
23718042
24373920
22776447
29613680
18001583
3177740
21607151
5118766
-12604642
-10731262
17800036
-2391452
-6288409
-6200691
3876030
4349798
-299042
-305927
-2303110
5288810
8046394
-2075497
-1946280
5400873
-1553340
3698539
-1053657
8638044
-3990960
7783269
-1672002
11930061
3571760
16240620
-401218
14806225
10756380
-1666956
35269
1110735
5478924
-6110457
10520892
3300454
14577748
10737564
22734620
6088035
19518366
11928597
10003011
9103726
7361705
5280947
-3800506
7681046
2859873
-4434759
-4168376
-5459614
4826150
-8181797
7868627
-6303781
11631483
-1214685
8676158
4476353
7137453
10268680
300263
8314529
-1678622
8071422
1204355
5092333
2587972
-726440
5224937
525718
6835583
490459
4560740
2239638
2261394
3561367
1373010
4709496
-1113260
5416461
-318164
3097674
3948335
2425388
4184132
580243
7042940
-561788
1100665
-3880359
-1863028
-3564608
-3066779
-1997067
-6177367
-907582
-5286827
2508907
-4496477
3108980
-3741514
3159862
-3052311
1941147
-2075534
-2253313
1572978
-5754705
2605525
-8485074
4867049
-7684956
4148909
-7171014
3104268
-8030899
6130805
-9096535
6799679
-12449872
8346244
-12698093
10455184
-10710993
10458524
-8662143
9563033
-8085424
7495768
-5827487
2907712
-2758178
6645047
5501823
8280627
5681314
2517103
203784
-3020323
4302235
-2603097
6295407
-6088322
3147629
-9573452
985562
-11745719
6396655
-9583446
7924478
-8165270
9312265
-6440634
7977685
-6901133
6535535
-7087496
5351876
-3622252
4492473
2320844
-5057007
3588266
-6217063
1976455
-6272970
148813
-3677997
-5061115
-576041
-7881529
1966516
-8960489
1049794
-8139535
1035124
-5962125
-1038883
-5611283
-739687
-6602036
1648425
-8707285
2876300
-10861202
5260819
-12373991
7276961
-12670734
6026162
-6971931
2060250
-13799750
8691984
-12850416
153628
-287266
-3736793
-3606510
-3677892
-11047261
-22060536
-20765551
-28150587
-36197754
-36682867
31628123
26749347
-110124894
-42021608
-19770575
-158544596
-132286853
-74412858
-30645442
-69798647
-26092528
-20263271
14932070
9314026
68644965
59108254
435448
-69663007
9200439
-31363285
12258217
-65296114
-24327762
-39680923
507026
-29746239
1952993
1739157
3501806
-6877723
-1571720
-11971930
17939594
7081361
9777124
6251905
20165996
17362546
28012592
28002023
20304106
-4513044
7364898
4488554
12574815
-5790603
13399695
-350107
2326998
-11168658
10535615
10383880
-20250305
-14425274
6779715
24271891
-2052362
-4035212
-5194528
14143155
-7616287
4199747
-7845636
6342299
-5369642
6521295
-1886418
15758235
33931255
6513684
-16863388
-9750871
9171525
9858237
-4631644
15571673
-832662
23474807
13431755
31991472
16957863
20829515
5428555
2947560
9188031
-1250599
5632749
-10402894
2335887
-17615075
-449531
-255959
13038641
348104
1197856
4633161
6833647
13740038
6047229
1808170
6449301
6182254
7328824
3696442
3792000
1801193
2534977
6678619
2059109
8934928
-412258
6834430
-576251
7269639
564312
5458262
3710121
4407072
3197645
5899002
3031166
3009711
-3529500
2174568
-5996685
2381490
-8275326
1138157
-8118209
4734860
-8602076
2937995
-9034869
6590850
-8023176
6328020
-7501406
7498161
-3122766
4278536
-3332629
4478777
-2893499
3872196
-2506285
2170450
-2211590
3000786
-3046768
2044142
-4630276
2088607
-6303811
2069759
-5598801
2315445
-5651679
2269466
-4956805
-1112049
-2068359
-3323876
-508817
-4119400
-2842391
-3334804
-4152547
-97918
-7988203
1977705
-5423262
3166743
-6805401
4383618
-5858567
5368360
-4720527
675241
-5552710
1059999
1808354
4840829
6893282
4465746
5386158
-2449503
1745662
-2585432
8040651
843617
7538853
-5445812
4101891
-8048196
4904601
-7712791
7577198
-7431544
7260774
-8971624
6681618
-8857808
3737930
-9728890
3689441
-6372573
3615421
-5500887
597354
-7633349
1229341
-1561104
2332587
-4410043
973328
-4082534
867048
-5124209
-979163
-5578470
-624373
-5133947
-1789448
-5012639
-867301
-4040461
-2772140
-2493593
-3801708
-1691799
-4481187
-81164
-5885457
666446
-6436556
409225
-4913947
-1272649
-2967235
-2237398
-3109657
-285858
-927659
-3342251
-9831554
10522910
-29870447
-16108028
-25101237
-25722705
-53613439
-30963485
-9427612
140319116
-165319715
-133342999
74697309
-188575011
-247913870
-52260834
-7326850
-71160265
-41320642
-3031590
34316312
11073651
77547755
93383954
41073987
-110579016
-20287694
73254729
-585582
-35831875
-85865355
20016496
-35565238
-11597439
-9590900
-4226260
-12463929
5984269
-18913054
-26713094
7213885
28250607
3480517
15247746
20899883
51205153
31864212
29792235
6710136
7813494
-11468286
116232
10320107
39492
7660389
-12156727
3470919
-4270854
-1629548
-2166502
1707319
-5317239
-678219
5011572
465230
17239716
20430874
-5985842
-17189363
375681
8732842
4672559
19512209
-9851583
-31130143
796150
6982359
23767097
-13636279
25242618
16144843
29082278
13660461
26266410
28581220
33619744
2746553
-1463195
-1901116
5684107
-3436554
-1662089
-9104363
-851899
-1491696
6806459
20604887
5087480
17078713
1278210
25040721
8527241
10705349
-4153274
4325706
9579524
5827646
3895148
-2752625
7666907
5365551
7493508
3773395
8682288
7316005
7036093
1128450
5221354
4007535
7997141
-1517112
3776481
-1898441
-232181
-119615
1523807
1493128
-2503641
-508738
-2185455
-545262
-658459
-949370
2260036
-3479352
3440557
-4354994
5332605
-1224158
3058185
3247003
-1964292
3162967
-4523720
7855733
-6979698
4671007
-6273364
4842751
-5153107
3010128
-2833314
6048765
-4238502
5987684
-7163978
10840023
-9938509
10795011
-13369224
13626920
-16199632
14523944
-16034940
15919432
-16836974
14725696
-18628313
13439339
-15912212
13041891
-12870178
8305503
-10341252
5626748
-7009703
3059448
-6522265
3556910
-7475051
1334280
-9009887
4812851
-7395087
3116410
-7855983
2271041
-6157604
1614607
-1998079
7686872
2901933
14265267
7260016
14458484
-1141487
6468839
-5314298
7426894
-4469332
9081567
-5233683
776518
-10390161
-2068477
-6897990
2849484
-5782563
6722865
-6210077
4108548
-6264418
4356258
-5455961
-226598
-3120315
-2999669
2021724
-6756173
4763520
-10614653
8120940
-2425101
-4838205
1805952
-6649221
1531746
-8684471
1485901
-6993553
-696153
-8424941
12388
-8356847
204684
-9208642
721072
-8477234
691885
-8615479
-424376
-6893097
-1421318
-4932544
-3732317
-1944955
-7594159
2236112
-9461179
3332558
-11095107
6215530
-12026503
5915925
-17433051
-15471899
-39505437
-25658660
-62667757
-40399048
-63358883
76836252
166844583
-368580297
-37994032
77042100
-385966016
-250570059
13303197
18464030
-73089426
-34055855
45024629
66599076
34202564
131225572
126098666
-57947490
-157914913
59008574
80580981
20406003
-106229809
-16304780
-74098996
16482191
-6332130
2227678
-11604310
-6785610
7853859
-3936498
14911206
20957747
20102799
-8241483
16024635
53215311
2925536
13522189
10315651
25416463
-5010039
23534225
-15414128
20674659
-19775413
5909689
-23350295
16334797
-14743094
9574025
-14084400
18324322
-12308227
9271499
-30832760
16812748
-23500337
12681657
-3567370
34857805
-37534659
6347311
9502770
31519170
-35903529
19561169
3376520
14568339
-13134002
28828884
13861606
8603263
7621259
5175739
11752101
12436183
27184566
2309558
6936429
5875335
16375886
10714171
22011278
4681475
4935327
5252135
18327254
12963741
11329741
1168159
4460768
6432430
5202991
8384581
-31072
6647434
-4011342
2393667
-1891894
2963083
3315969
-71771
4883277
-1997944
4020763
-55887
7954930
1630514
2757943
-1222682
-788983
4005903
-1511465
5460708
-4798487
-1159448
-195569
1566130
4171645
-905941
4688019
-4300477
4400772
-3314076
5569533
-4978622
1496496
-5042113
904870
-4360636
-2048358
-2115832
-858697
-4327217
-3757743
125734
-3693042
282711
-2317912
2549908
-3437077
2063189
1301128
2972557
-1087702
2800610
-1672811
4302010
-7362128
6860642
-9451241
7787586
-14452563
7927534
-11214175
7736016
-11342305
3113776
-8965013
1523005
-7536474
2971303
-6866321
3065418
-8376327
4750008
-8538541
7857822
-8112163
8319780
-12040347
4443408
-10041417
6057498
-9754802
184736
-4696704
-1753718
-1318258
-3731904
42130
-4719358
-1903220
-528052
786019
4446836
2603908
8386620
-844626
-1762614
-8402972
1479600
1089591
1847921
2590834
-4230304
-3901858
-8494525
-1759816
-1700019
1654478
-5411261
-1312015
-6852668
627448
-4172486
2734760
-6995095
-1087975
-6818367
5328755
-2385315
-14802
-4191805
1635889
-2025741
